$ 1 0.000005 10.20027730826997 50 5 50
v 352 608 352 320 0 0 40 20 0 0 0.5
r 352 320 592 320 0 330
370 592 320 720 320 1 0
370 720 320 864 320 1 0
370 720 320 720 448 1 0
r 864 320 1008 320 0 220
r 1008 320 1008 576 0 1000
r 720 448 720 576 0 1000
w 352 608 720 576 0
w 720 576 1008 576 0








$ 1 0.000005 10.20027730826997 50 5 50
v 352 608 352 320 0 0 40 20 0 0 0.5
r 352 320 592 320 0 330
370 592 320 720 320 1 0
370 720 320 864 320 1 0
370 720 320 720 448 1 0
r 864 320 1008 320 0 220
r 1008 320 1008 576 0 1000
r 720 448 720 576 0 1000
w 352 608 720 576 0
w 720 576 1008 576 0